   0
   8.4615324e+00   4.5584588e+01
   3.8078434e+00   3.0965299e+01
   6.2268716e+01   2.1816192e+01
   9.2868183e+01   1.1373036e+01
   3.2684529e+01   1.2884209e+01
   7.4301847e+01   9.3819547e+01
   2.9232575e+01   4.8452965e+01
   1.2821888e+01   7.4052807e+01
   5.1369479e+01   3.0234140e+01
   3.9609457e+01   7.1203633e-01
   9.7333044e+01   6.0882952e+01
   2.9615546e+01   3.5014446e+01
   5.9113179e+01   6.4031213e+01
   5.7063444e+01   8.3740499e+01
   6.0938477e+01   9.5685537e+00
   5.6002977e+01   5.7974486e+01
   2.8290847e+01   5.7433808e+01
   1.5662992e+01   5.1465160e+01
   7.2909000e+01   4.4694359e+01
   4.3400845e+00   9.5893685e+01